% -------------------------------------------------------------------
%  Generated by MATLAB on 18-May-2017 13:22:05
%  MATLAB version: 9.1.0.441655 (R2016b)
% -------------------------------------------------------------------
                                            

boundary = ...
  [1 1 1 1 1 1 0 0 0 0 0;
   1 1 1 1 1 1 1 1 1 1 1;
   1 1 1 1 1 1 1 1 1 1 1;
   1 1 1 1 1 1 1 1 1 1 1;
   1 1 1 1 1 1 1 1 1 1 1;
   1 1 1 1 1 1 1 1 1 1 1;
   48 48 48 48 48 48 48 48 48 48 48;
   48 48 48 48 48 48 48 48 48 48 48;
   49 49 49 49 49 49 49 49 49 49 49;
   48 48 48 48 48 48 48 48 48 48 48];

geometry = ...
  [2 2 2 2 2 2 2 2 2 2 2;
   0 1 0.6 1 0 0 0.6 0.4 0.4 0 0.4;
   1 1 0 0.6 0 0 0.6 0.6 0.4 0.4 1;
   0 0 0.6 0.2 0 0.2 0.3 0.3 0.2 0.2 0.2;
   0 0.2 0.6 0.6 0.2 0.6 0.6 0.3 0.3 0.2 0.2;
   1 1 2 3 0 0 2 2 2 2 3;
   0 0 0 0 1 2 3 3 3 1 1];

