E_smd = 105e9;
v_smd = 0.118;
k_smd = 0.29;
ro_smd = 1850;
c_smd = 950;
a_smd = 1.2e-5;

E_pcb = 105;
v_pcb = 0.136;
k_pcb = 1.059


k_sol = 66.8